(52 4594 23) [.86 0 .5 0] <1.000000 1.000000 1.000000> CAMERA
(-1.855191 3515.992920 3.320868) [0.214626 0.533551 0.094026 -0.812661] <0.400000 0.400000 0.400000> directional [0.600000 0.600000 0.600000 0.330000] [0.988235 0.968627 0.898039 0.110000] <200000.000000 1.000000 0.000000 0.000000> <30.000000 40.000000> [0.900000] 1.000000 1 <0.000000 1.000000 0.000000>
(0.000000 4587.279785 0.000000) [1.000000 0.000000 0.000000 0.000000] <1000.000000 1000.000000 1000.000000> mhash:///1c74fbde6008dc1bd5020c73eaf2025430bc6a1dbb6f9e781443730d0364dce0
(-26.514799 4435.018066 6.519267) [1.000000 0.000000 0.000000 0.000000] <10.000000 10.000000 10.000000> mhash:///da542c0771306094157836a55c5645e9cb0e4c56d9ecdb5e02e3ea4b59dc0c4b
(9.850933 4592.037109 14.670540) [1.000000 0.000000 0.000000 0.000000] <0.010000 0.010000 0.010000> mhash:///c236c48d0c6e9abb7329f62029717fcb2cddfb76794d06fe384cf841529970d7
(9.850933 4592.037109 14.670540) [1.000000 0.000000 0.000000 0.000000] <0.010000 0.010000 0.010000> mhash:///56bf5b6fd9dca3850a0e16caae9213f25fe380d728921e5fe6251996fa02d9c4
(9.850933 4592.037109 14.670540) [1.000000 0.000000 0.000000 0.000000] <0.010000 0.010000 0.010000> mhash:///e54dee6cf5065839957efa23d6d57b5484c2655161f5cfd796fb103e7f8ba513
(9.850933 4592.028320 14.670540) [1.000000 0.000000 0.000000 0.000000] <0.010000 0.010000 0.010000> mhash:///497f6ff51d85cef514b0d267f590af2c55752d0305b707e2a75e4927935427cb
(9.850933 4592.037109 14.670540) [1.000000 0.000000 0.000000 0.000000] <0.010000 0.010000 0.010000> mhash:///ac925467c22d0fcdfce7410f8d6b1a5f8b883bbff03b407ebf89c1771d9c2cf4
(9.850933 4592.037109 14.670540) [1.000000 0.000000 0.000000 0.000000] <0.010000 0.010000 0.010000> mhash:///aa9713c25249913cd9d8bd386520fd8fb3fecd8942b8c4923861ea36766640a4
(12.954148 4590.214355 14.937762) [1.000000 0.000000 0.000000 0.000000] <0.010000 0.010000 0.010000> mhash:///4ad728462ccab898690557709da4c55b99eb96cce473f1e692e02e5b071c5cae
(9.850933 4592.037109 14.670540) [1.000000 0.000000 0.000000 0.000000] <0.010000 0.010000 0.010000> mhash:///9b307627e7cf91563b99fbb7b727f187d1a14e500c90c0f45e13eb914c0e30b7
(51.814350 4594.082969 24.310989) [0.693376 -0.645306 -0.180901 -0.264736] <2.715931 2.715931 2.725931>  {1 1 1 .5} meru://daniel@/cubex.mesh
(51.814350 4600.082969 24.310989) [0 0 0 1] <.3 .3 .3>  {2 1 1 .5} meru://daniel@/sphere.mesh
