1: -192.000000, 1728.000000, 280.125000, 903
1: -192.000000, 1728.000000, 280.125000, 914
1: -192.000000, 1728.000000, 280.125000, 1013
1: -192.000000, 1728.000000, 280.125000, 1123
1: -171.566788, 1722.479004, 280.125000, 1222
1: -147.237015, 1715.925171, 280.125000, 1323
1: -121.421059, 1709.077393, 284.125000, 1422
1: -107.246315, 1695.585815, 284.125000, 1521
1: -104.565147, 1680.375000, 284.125000, 1621
1: -87.685341, 1660.341309, 284.125000, 1723
1: -57.630074, 1650.687744, 283.125000, 1822
1: -27.584309, 1642.924316, 280.127838, 1921
1: 4.234599, 1641.432129, 280.127838, 2023
1: 35.910496, 1643.912842, 280.127838, 2122
1: 66.637726, 1648.876465, 280.127838, 2221
1: 96.418251, 1655.878662, 280.127838, 2321
1: 124.009827, 1665.091431, 280.127838, 2423
1: 155.513611, 1670.436401, 280.127838, 2522
1: 188.153625, 1668.731567, 280.127838, 2621
1: 219.419083, 1663.914917, 280.127838, 2721
1: 250.519089, 1658.614868, 276.127838, 2823
1: 279.343231, 1653.769165, 264.127838, 2922
1: 305.237549, 1649.488037, 244.127838, 3021
1: 328.503967, 1645.717407, 216.127838, 3120
1: 354.924133, 1663.576782, 216.143463, 3219
1: 384.159973, 1668.270142, 216.143463, 3319
1: 412.157990, 1657.238525, 216.143463, 3419
1: 435.569733, 1637.024658, 216.143463, 3521
1: 453.375641, 1609.796265, 216.143463, 3622
1: 456.086151, 1579.158936, 216.143463, 3721
1: 476.858490, 1560.334595, 216.143463, 3816
1: 496.442871, 1532.683106, 216.143463, 3915
1: 502.394959, 1503.933960, 216.143463, 4017
1: 498.415466, 1477.306519, 216.143463, 4120
1: 486.263001, 1450.892578, 216.143463, 4219
1: 467.747955, 1426.051758, 216.143463, 4320
1: 445.723145, 1406.683350, 225.453598, 4419
1: 441.908600, 1376.536255, 241.268188, 4518
1: 452.175262, 1356.693359, 243.001526, 4619
1: 464.898376, 1344.769287, 232.125000, 4720
1: 489.445709, 1333.613159, 232.125000, 4821
1: 517.717773, 1324.352783, 232.125000, 4923
1: 548.228821, 1316.739990, 232.125000, 5022
1: 574.675171, 1309.905884, 245.851959, 5115
1: 588.949585, 1301.806030, 253.854095, 5216
1: 586.356751, 1292.907471, 245.533539, 5315
1: 574.607361, 1284.578613, 232.033539, 5414
1: 562.211792, 1278.783569, 216.125000, 5513
1: 546.412598, 1256.707520, 216.125000, 5613
1: 535.089722, 1225.870483, 216.125000, 5713
1: 524.209900, 1198.454468, 216.125000, 5823
1: 511.772675, 1176.103516, 216.125000, 5915
1: 504.111053, 1144.659668, 216.125000, 6018
1: 505.232056, 1112.557129, 216.125000, 6120
1: 513.296692, 1084.678467, 216.125000, 6214
1: 517.408630, 1052.432617, 220.125000, 6317
1: 519.123657, 1033.322632, 220.125000, 6419
1: 539.898193, 1019.374390, 220.125000, 6518
1: 571.822327, 1015.540833, 220.125000, 6617
1: 602.622376, 1013.540833, 216.125000, 6720
1: 633.472229, 1013.163391, 216.127853, 6819
1: 665.236694, 1014.403564, 216.127853, 6916
1: 696.923584, 1016.737610, 216.127853, 7015
1: 728.528259, 1019.924500, 216.127853, 7119
1: 759.780579, 1024.015137, 216.127853, 7215
1: 789.005371, 1026.585571, 224.125000, 7324
1: 814.795410, 1026.027588, 232.125000, 7424
1: 842.231995, 1024.758667, 232.125000, 7516
1: 868.162354, 1023.674683, 232.125000, 7615
1: 893.011108, 1024.663574, 228.125000, 7716
1: 915.802368, 1026.335815, 216.125000, 7820
1: 942.723267, 1043.299194, 216.131012, 7924
1: 964.274780, 1063.937500, 216.131012, 8020
1: 977.890015, 1079.454224, 216.131012, 8115
1: 986.200317, 1091.034912, 216.131012, 8224
1: 991.019653, 1099.635864, 216.131012, 8320
1: 1003.965515, 1107.984619, 216.131012, 8416
1: 1018.072021, 1114.088257, 216.131012, 8516
1: 1029.561035, 1117.978149, 216.131012, 8616
1: 1051.574219, 1109.827637, 216.131012, 8720
1: 1072.005737, 1098.885132, 216.131012, 8816
1: 1093.275635, 1084.765503, 216.131012, 8920
1: 1116.503418, 1067.381592, 216.131012, 9016
1: 1140.768921, 1047.871338, 216.131012, 9118
1: 1164.931885, 1027.251221, 216.131012, 9216
1: 1190.984741, 1009.463501, 216.131012, 9324
1: 1218.853027, 1017.018188, 216.131012, 9420
1: 1243.373535, 1040.257446, 216.131012, 9516
1: 1261.694336, 1067.281860, 216.131012, 9620
1: 1275.192505, 1096.307129, 216.131012, 9724
1: 1284.151733, 1126.978516, 216.131012, 9816
1: 1282.850708, 1160.294067, 232.125000, 9920
1: 1279.509277, 1191.618286, 240.125000, 10016
1: 1298.225708, 1215.658691, 248.125000, 10118
1: 1322.752075, 1235.594971, 248.125000, 10224
1: 1349.238037, 1253.240479, 256.125000, 10316
1: 1348.302734, 1264.968018, 256.125000, 10420
1: 1327.375732, 1269.464966, 256.125000, 10516
1: 1299.673462, 1267.637817, 264.125000, 10624
1: 1277.099609, 1266.066162, 264.125000, 10720
1: 1261.189819, 1283.483276, 272.125000, 10820
1: 1246.563355, 1310.907715, 280.125000, 10913
1: 1229.315308, 1337.864746, 288.125000, 11020
1: 1227.107056, 1369.449219, 296.125000, 11120
1: 1229.473511, 1397.079102, 304.125000, 11224
1: 1212.864014, 1424.168945, 312.125000, 11316
1: 1185.182983, 1434.220703, 320.125000, 11420
1: 1153.294189, 1429.157105, 328.125000, 11524
1: 1128.360718, 1426.025391, 336.125000, 11617
1: 1111.391602, 1445.142578, 344.125000, 11724
1: 1103.860840, 1473.778809, 344.125000, 11824
1: 1107.657837, 1504.024780, 352.125000, 11919
1: 1096.166626, 1534.808350, 360.125000, 12022
1: 1073.243530, 1543.332031, 368.125000, 12116
1: 1043.173096, 1535.868530, 368.125000, 12220
1: 1019.120667, 1519.122925, 376.125000, 12321
1: 1008.498962, 1528.930298, 384.125000, 12415
1: 987.792603, 1544.241577, 384.125000, 12520
1: 960.254395, 1537.393921, 400.125000, 12621
1: 931.350159, 1527.495728, 408.125000, 12716
1: 906.235413, 1523.588135, 408.125000, 12820
1: 876.287109, 1512.057373, 408.125000, 12924
1: 848.052124, 1497.025146, 408.125000, 13016
1: 821.164246, 1479.946777, 408.125000, 13120
1: 795.247131, 1461.525513, 408.125000, 13224
1: 770.148071, 1442.025635, 408.125000, 13316
1: 746.443115, 1421.568359, 408.125000, 13420
1: 721.399475, 1401.898682, 408.125000, 13524
1: 694.715454, 1384.391235, 408.125000, 13615
1: 663.782105, 1373.633789, 408.125000, 13720
1: 632.188355, 1368.443115, 408.125000, 13824
1: 600.284241, 1366.728149, 408.125000, 13916
1: 568.461670, 1367.124268, 408.125000, 14020
1: 545.228271, 1368.166260, 408.125000, 14123
1: 529.183533, 1369.372803, 408.125000, 14215
1: 518.381958, 1370.498657, 408.125000, 14320
1: 506.375427, 1353.583374, 408.125000, 14424
1: 481.100891, 1351.361084, 408.125000, 14516
1: 461.490509, 1372.591064, 412.125000, 14619
1: 435.839417, 1386.788330, 412.125000, 14719
1: 409.223145, 1392.431641, 412.125000, 14820
1: 383.311493, 1392.811768, 408.125000, 14922
1: 366.669312, 1371.778076, 408.125000, 15024
1: 354.425537, 1342.181274, 408.125000, 15115
1: 344.583191, 1311.888428, 408.125000, 15216
1: 336.286713, 1281.196655, 408.125000, 15320
1: 329.077393, 1250.255615, 408.125000, 15424
1: 322.758240, 1219.126099, 408.125000, 15516
1: 317.447723, 1187.804443, 412.125000, 15622
1: 314.402710, 1169.114502, 412.125000, 15716
1: 330.048645, 1156.998657, 412.125000, 15820
1: 358.281708, 1151.620361, 412.125000, 15924
1: 388.400879, 1157.319580, 411.125000, 16016
1: 417.106873, 1170.382813, 408.127838, 16118
1: 438.839111, 1189.186646, 408.127838, 16224
1: 454.951538, 1206.283569, 408.127838, 16316
1: 468.671906, 1224.581299, 408.127838, 16420
1: 481.547485, 1247.162720, 408.127838, 16516
1: 508.968079, 1263.322876, 408.127838, 16622
1: 540.178955, 1272.634644, 408.127838, 16716
1: 571.799988, 1277.759399, 408.127838, 16820
1: 603.528564, 1280.458862, 408.127838, 16916
1: 635.156006, 1281.786011, 408.127838, 17020
1: 666.288696, 1282.194214, 408.127838, 17122
1: 696.531067, 1281.988770, 408.127838, 17216
1: 725.127625, 1281.432129, 408.127838, 17319
1: 752.079468, 1280.537842, 408.127838, 17422
1: 776.749939, 1279.178223, 408.127838, 17521
1: 802.607788, 1278.658447, 408.127838, 17620
1: 830.580872, 1278.744629, 408.127838, 17721
1: 860.688843, 1279.434204, 408.127838, 17820
1: 891.912231, 1280.940796, 408.127838, 17919
1: 914.614807, 1260.920898, 408.127838, 18018
1: 928.024658, 1230.102173, 408.127838, 18123
1: 930.589722, 1197.804932, 408.127838, 18222
1: 927.809448, 1167.140381, 408.127838, 18321
1: 924.728027, 1170.555298, 408.125000, 18420
1: 922.567383, 1158.413086, 412.433197, 18519
1: 921.171326, 1131.190430, 426.044617, 18620
1: 920.251526, 1102.835205, 440.222290, 18722
1: 919.691284, 1074.461914, 454.408905, 18822
1: 919.307129, 1046.093140, 468.593231, 18922
1: 918.976013, 1016.917114, 481.784485, 19022
1: 919.282898, 985.137085, 487.984497, 19122
1: 921.790405, 953.703491, 486.184509, 19222
1: 936.958496, 928.385132, 476.384522, 19324
1: 951.273682, 906.134460, 472.125000, 19415
1: 953.632385, 875.190125, 472.125000, 19515
1: 945.253113, 843.095093, 472.125000, 19615
1: 938.998901, 815.445129, 472.125000, 19715
1: 928.355774, 785.632690, 472.125000, 19815
1: 929.388977, 755.071228, 472.125000, 19915
1: 940.674988, 726.302612, 472.125000, 20019
1: 944.862000, 693.633728, 472.125000, 20122
1: 941.170898, 661.105957, 472.125000, 20222
1: 929.340149, 633.945801, 472.125000, 20322
1: 918.274231, 636.859558, 472.125000, 20422
1: 903.005005, 656.677490, 472.125000, 20522
1: 875.282898, 666.226501, 472.125000, 20622
1: 848.223022, 663.833984, 472.125000, 20722
1: 824.359375, 657.000366, 472.125000, 20821
1: 799.797791, 641.791809, 472.125000, 20922
1: 780.374756, 648.355652, 472.125000, 21022
1: 767.291199, 672.909912, 472.125000, 21122
1: 760.826416, 703.858521, 472.125000, 21222
1: 761.088867, 736.330750, 472.125000, 21319
1: 775.064209, 736.330750, 472.125000, 21420
1: 773.660400, 736.330750, 472.125000, 21522
1: 759.765137, 736.330750, 472.125000, 21621
1: 765.724609, 736.330750, 472.125000, 21722
1: 781.917725, 736.330750, 472.125000, 21822
1: 771.769043, 737.366028, 472.125000, 21922
1: 742.163269, 738.636536, 472.125000, 22022
1: 710.867371, 736.589722, 472.125000, 22122
1: 680.977295, 731.302063, 472.125000, 22222
1: 653.714783, 723.259460, 472.125000, 22321
1: 621.476257, 719.595764, 472.125000, 22421
1: 589.506470, 719.757263, 472.125000, 22522
1: 557.767700, 722.019287, 472.125000, 22622
1: 526.190369, 725.512451, 472.125000, 22722
1: 494.714417, 729.720154, 472.125000, 22822
1: 463.300201, 734.326599, 472.125000, 22922
1: 431.923065, 739.170288, 472.125000, 23022
1: 400.568451, 744.153748, 472.125000, 23122
1: 369.219116, 749.170044, 472.125000, 23222
1: 337.986389, 754.117188, 476.125000, 23322
1: 319.471375, 757.022217, 476.125000, 23422
1: 316.757721, 766.813843, 476.125000, 23522
1: 321.630219, 778.023315, 476.125000, 23615
1: 329.442596, 787.475159, 476.125000, 23719
1: 338.792816, 795.347290, 476.125000, 23822
1: 346.615082, 800.393616, 476.125000, 23922
1: 356.432861, 802.586914, 475.125000, 24022
1: 365.877960, 804.570374, 472.128571, 24122
1: 372.524261, 806.648193, 472.128571, 24222
1: 378.720673, 810.045715, 471.128571, 24319
1: 383.280212, 812.594116, 463.128571, 24422
1: 385.915192, 814.178284, 447.128571, 24522
1: 387.321564, 815.063416, 423.128571, 24616
1: 387.889465, 815.472412, 391.128571, 24719
1: 387.689667, 815.501892, 351.128571, 24819
1: 386.844269, 815.225647, 303.128571, 24922
1: 385.507416, 814.772705, 264.253326, 25022
1: 390.763855, 843.016418, 250.131500, 25122
1: 398.922211, 867.063904, 238.107758, 25222
1: 408.977356, 888.446777, 227.416382, 25322
1: 426.899933, 909.813293, 216.125000, 25422
1: 455.584869, 922.906616, 216.125000, 25522
1: 480.809845, 945.034912, 216.125000, 25622
1: 512.531677, 958.839539, 216.125000, 25722
1: 543.707031, 961.693604, 216.125000, 25824
1: 570.260925, 952.721314, 216.125000, 25915
1: 602.596863, 948.179504, 216.125000, 26016
1: 634.684753, 948.182190, 216.125000, 26119
1: 666.201782, 951.011047, 216.125000, 26218
1: 697.393860, 955.870300, 216.125000, 26317
1: 727.298401, 962.062866, 216.125000, 26416
1: 752.866272, 968.693848, 216.125000, 26515
1: 775.551941, 976.300964, 216.125000, 26616
1: 774.175964, 967.030762, 216.125000, 26715
1: 786.267151, 965.195435, 229.981293, 26814
1: 815.181763, 972.620667, 234.556122, 26913
1: 846.272156, 975.622070, 232.125000, 27015
1: 877.731079, 983.639099, 232.125000, 27116
1: 907.446228, 991.221619, 228.125000, 27215
1: 934.646179, 997.402771, 216.125000, 27317
1: 952.515442, 978.263367, 216.131271, 27416
1: 956.659485, 945.400879, 216.131271, 27515
1: 951.366211, 915.454468, 216.131271, 27616
1: 946.765991, 898.148315, 216.131271, 27715
1: 943.403626, 869.347351, 216.131271, 27816
1: 941.236938, 837.644653, 216.131271, 27916
1: 939.869934, 805.916626, 216.131271, 28019
1: 939.407715, 774.176270, 216.131271, 28118
1: 939.293701, 742.428101, 216.131271, 28224
1: 939.239990, 710.680054, 216.131271, 28316
1: 939.239990, 678.930481, 216.131271, 28415
1: 936.289612, 664.609009, 216.131271, 28519
1: 934.148315, 656.619141, 216.131271, 28615
1: 933.348450, 648.604614, 216.131271, 28724
1: 933.174927, 640.593262, 216.131271, 28815
1: 933.289490, 632.591858, 216.131271, 28916
1: 933.539795, 624.595337, 216.131271, 29016
1: 933.858521, 616.601624, 216.131271, 29115
1: 934.177490, 608.607971, 216.131271, 29222
1: 934.497986, 600.614319, 216.131271, 29324
1: 934.822327, 592.620789, 216.131271, 29416
1: 934.914185, 594.119751, 216.131271, 29516
1: 934.932190, 599.619751, 216.131271, 29620
1: 934.911316, 607.119690, 216.131271, 29724
1: 934.906738, 615.119690, 216.131271, 29820
1: 934.911133, 623.119690, 216.131271, 29924
1: 934.907471, 631.119690, 216.131271, 30020
1: 934.899780, 639.119690, 216.131271, 30119
1: 934.901001, 647.119690, 216.131271, 30224
1: 934.887085, 655.119690, 216.131271, 30316
1: 934.877930, 663.119690, 216.131271, 30420
1: 934.859070, 671.119690, 216.131271, 30524
1: 934.853272, 679.119690, 216.131271, 30624
1: 934.851196, 687.119690, 216.131271, 30720
1: 934.842835, 695.119690, 216.131271, 30824
1: 934.830200, 703.119690, 216.131271, 30916
1: 934.830017, 711.119690, 216.131271, 31020
1: 934.815125, 719.119690, 216.131271, 31115
1: 934.805298, 727.119690, 216.131271, 31220
1: 934.800171, 735.119690, 216.131271, 31324
1: 934.797485, 743.119690, 216.131271, 31416
1: 934.795105, 751.119690, 216.131271, 31524
1: 934.787598, 759.119690, 216.131271, 31620
1: 934.791626, 767.119690, 216.131271, 31724
1: 934.779663, 775.119690, 216.131271, 31816
1: 934.781616, 783.119690, 216.131271, 31920
1: 934.782532, 791.119690, 216.131271, 32024
1: 934.784485, 799.119690, 216.131271, 32115
1: 934.775513, 807.119690, 216.131271, 32216
1: 934.772095, 815.119690, 216.131271, 32320
1: 934.779236, 823.119690, 216.131271, 32424
1: 934.790222, 831.119690, 216.131271, 32516
1: 934.800415, 839.119690, 216.131271, 32620
1: 934.808044, 847.119690, 216.131271, 32716
1: 934.820068, 855.119690, 216.131271, 32820
1: 934.824341, 863.119690, 216.131271, 32920
1: 934.829590, 871.119690, 216.131271, 33019
1: 934.850830, 879.119690, 216.131271, 33118
1: 934.859863, 887.119690, 216.131271, 33219
1: 934.885193, 895.119751, 216.131271, 33324
1: 934.913330, 903.119812, 216.131271, 33423
1: 934.933594, 911.119812, 216.131271, 33522
1: 931.689880, 930.628357, 216.131271, 33616
1: 926.901001, 954.986511, 216.131271, 33715
1: 921.375855, 980.992615, 216.131271, 33816
1: 915.157288, 1008.264160, 216.131271, 33915
1: 908.232117, 1036.147217, 216.131271, 34016
1: 886.439758, 1045.602539, 216.131271, 34115
1: 864.391357, 1028.724609, 224.125000, 34216
1: 847.685852, 1012.331421, 232.125000, 34315
1: 817.381836, 1007.806091, 232.125000, 34414
1: 786.994934, 1017.261047, 232.125000, 34513
1: 758.294983, 1028.561035, 228.125000, 34614
1: 731.957764, 1039.432861, 216.125000, 34715
1: 701.651978, 1050.151855, 216.130936, 34816
1: 672.974426, 1059.011719, 216.130936, 34915
1: 643.224792, 1067.286011, 216.130936, 35016
1: 613.582092, 1074.965332, 216.130936, 35115
1: 585.677063, 1081.801880, 216.130936, 35216
1: 562.078003, 1087.161987, 216.130936, 35315
1: 533.664612, 1089.865601, 216.130936, 35419
1: 508.236847, 1096.115356, 216.130936, 35522
1: 499.285065, 1117.939209, 216.130936, 35622
1: 517.285400, 1137.972534, 216.130936, 35722
1: 527.779236, 1169.089966, 216.130936, 35823
1: 513.709961, 1191.895386, 216.130936, 35924
1: 501.560944, 1221.925537, 216.130936, 36023
1: 500.636902, 1253.831055, 216.130936, 36122
1: 480.232605, 1275.979614, 216.130936, 36221
1: 461.502991, 1290.916382, 216.130936, 36322
1: 449.586700, 1318.105347, 245.590042, 36422
1: 444.292480, 1349.438843, 250.884277, 36524
1: 442.244202, 1381.493286, 252.932556, 36615
1: 443.076782, 1412.851196, 250.232544, 36720
1: 444.832794, 1441.690430, 239.532532, 36824
1: 446.830078, 1467.573364, 220.832520, 36916
1: 450.621399, 1494.252930, 216.125000, 37020
1: 459.447449, 1521.455200, 216.125000, 37115
1: 473.710785, 1550.177856, 216.125000, 37220
1: 492.021149, 1575.809692, 216.125000, 37316
1: 510.404694, 1601.102783, 216.125000, 37420
1: 521.734436, 1631.957886, 216.125000, 37524
1: 506.504395, 1655.269165, 216.125000, 37618
1: 475.701141, 1669.281738, 216.125000, 37722
1: 446.050568, 1675.760254, 216.125000, 37822
1: 425.096191, 1678.075562, 216.125000, 37919
1: 410.493958, 1678.021973, 216.125000, 38020
1: 385.115723, 1668.615356, 216.125000, 38119
1: 363.309052, 1657.647827, 216.125000, 38218
1: 332.137756, 1654.785034, 216.125000, 38317
1: 303.792725, 1660.585693, 224.125000, 38419
1: 277.566406, 1670.909058, 240.125000, 38518
1: 247.845398, 1668.806030, 256.125000, 38623
1: 219.890915, 1660.460083, 272.125000, 38723
1: 187.603897, 1659.315552, 280.125000, 38813
1: 157.641769, 1664.340576, 280.125000, 38913
1: 125.880913, 1667.977783, 280.125000, 39013
1: 94.500694, 1665.968384, 280.125000, 39123
1: 65.732071, 1654.623291, 280.125000, 39213
1: 40.092567, 1636.584595, 280.125000, 39315
1: 21.300922, 1619.760986, 280.125000, 39415
1: 4.497993, 1599.133789, 280.125000, 39518
1: -11.083397, 1573.234131, 280.125000, 39618
1: -15.052296, 1545.523438, 280.125000, 39719
1: -20.773773, 1526.563110, 280.125000, 39818
1: -30.937752, 1512.841797, 280.125000, 39918
1: -39.947788, 1504.626343, 280.125000, 40017
1: -50.089058, 1512.545410, 280.125000, 40123
1: -57.604729, 1525.059204, 280.125000, 40215
1: -62.292786, 1536.822144, 280.125000, 40314
1: -65.013908, 1546.354980, 280.125000, 40413
1: -67.395760, 1554.377441, 303.125000, 40513
1: -69.795754, 1561.877441, 318.125000, 40620
1: -72.195747, 1569.377441, 325.125000, 40721
1: -74.595741, 1576.877441, 324.125000, 40816
1: -76.995735, 1584.377441, 315.125000, 40919
1: -79.395729, 1591.877441, 298.125000, 41018
1: -81.795723, 1599.377441, 280.125000, 41119
1: -89.145355, 1587.407227, 280.125000, 41220
1: -100.834816, 1559.362793, 280.125000, 41320
1: -111.741707, 1530.878296, 280.125000, 41419
1: -120.227791, 1507.407837, 280.125000, 41520
1: -128.282410, 1482.722290, 280.125000, 41619
1: -132.849258, 1456.558350, 280.125000, 41724
1: -120.221024, 1437.045654, 280.125000, 41816
1: -101.645073, 1427.122559, 280.125000, 41916
1: -87.126778, 1423.582275, 280.125000, 42020
1: -99.533524, 1421.612671, 280.125000, 42122
1: -104.564598, 1412.513794, 280.125000, 42216
1: -96.854095, 1398.292114, 280.125000, 42320
1: -88.740006, 1387.883179, 280.125000, 42424
1: -81.073540, 1364.769409, 280.125000, 42523
1: -74.675697, 1334.104858, 280.125000, 42617
1: -69.557541, 1302.865356, 280.125000, 42718
1: -65.213631, 1271.403809, 280.125000, 42817
1: -61.499130, 1240.502197, 280.125000, 42917
1: -58.264137, 1210.183228, 280.125000, 43017
1: -55.274052, 1179.334961, 280.125000, 43116
1: -52.523315, 1148.210938, 280.125000, 43216
1: -50.348312, 1117.792114, 280.125000, 43316
1: -46.839130, 1086.803711, 280.125000, 43415
1: -42.154308, 1055.890259, 280.125000, 43516
1: -39.249310, 1037.515259, 280.125000, 43615
1: -37.814308, 1028.520264, 280.125000, 43715
1: -37.340088, 1025.582275, 280.125000, 43814
1: -23.223383, 1039.308716, 280.125000, 43917
1: -15.128983, 1032.977051, 280.125000, 44017
1: -15.138151, 1009.284485, 280.125000, 44120
1: -15.125018, 981.063904, 280.125000, 44222
1: -15.128496, 983.689819, 280.125000, 44315
1: -15.128769, 1008.878357, 280.125000, 44415
1: -15.125034, 1006.559326, 280.125000, 44514
1: -15.126390, 982.243896, 280.125000, 44614
1: -15.125018, 955.535095, 280.125000, 44713
1: -15.087996, 928.321960, 280.125000, 44815
1: -0.493022, 925.577393, 288.125000, 44919
1: 28.615505, 919.035950, 296.125000, 45016
1: 54.855873, 916.518555, 296.125000, 45119
1: 73.548676, 937.009827, 304.125000, 45218
1: 69.313728, 964.572205, 320.125000, 45319
1: 60.926876, 987.289063, 328.125000, 45420
1: 61.036118, 1019.177124, 344.125000, 45519
1: 53.032860, 1042.636108, 360.125000, 45622
1: 43.811699, 1065.173950, 368.125000, 45724
1: 44.299400, 1096.084961, 384.125000, 45823
1: 56.449589, 1127.407105, 400.125000, 45922
1: 78.018005, 1146.618530, 408.125000, 46022
1: 90.302712, 1173.579590, 408.125000, 46124
1: 98.909050, 1203.426758, 408.125000, 46215
1: 105.431366, 1229.890869, 408.125000, 46319
1: 110.717072, 1255.844849, 408.125000, 46421
1: 114.663284, 1280.394775, 408.125000, 46520
1: 137.592133, 1295.600220, 408.125000, 46619
1: 160.884140, 1284.028076, 416.125000, 46720
1: 171.209991, 1255.324707, 424.125000, 46819
1: 173.034027, 1257.427979, 424.125000, 46918
1: 169.928589, 1283.683472, 424.125000, 47019
1: 166.104721, 1309.494751, 424.125000, 47120
1: 160.348404, 1340.094360, 424.125000, 47219
1: 146.904648, 1359.432861, 442.601288, 47318
1: 130.261292, 1354.543579, 437.477448, 47417
1: 115.059280, 1347.158081, 425.377472, 47516
1: 100.195923, 1337.341309, 408.125000, 47619
1: 91.340927, 1331.146240, 408.125000, 47720
1: 87.744598, 1328.622314, 408.125000, 47821
1: 87.744598, 1328.622314, 408.125000, 47922
1: 87.744598, 1328.622314, 408.125000, 48021
1: 87.744598, 1328.622314, 408.125000, 48122
1: 87.744598, 1328.622314, 408.125000, 48222
1: 87.744598, 1328.622314, 408.125000, 48322
1: 87.744598, 1328.622314, 408.125000, 48422
1: 87.744598, 1328.622314, 408.125000, 48524
1: 87.744598, 1328.622314, 408.125000, 48619
1: 87.744598, 1328.622314, 408.125000, 48720
1: 87.744598, 1328.622314, 408.125000, 48824
1: 87.744598, 1328.622314, 408.125000, 48919
1: 87.744598, 1328.622314, 408.125000, 49016
1: 87.744598, 1328.622314, 408.125000, 49119
1: 87.744598, 1328.622314, 408.125000, 49224
1: 87.744598, 1328.622314, 408.125000, 49319
1: 87.744598, 1328.622314, 408.125000, 49424
1: 87.744598, 1328.622314, 408.125000, 49516
1: 87.744598, 1328.622314, 408.125000, 49617
1: 87.744598, 1328.622314, 408.125000, 49724
1: 87.744598, 1328.622314, 408.125000, 49815
1: 81.160995, 1348.782715, 408.125000, 49915
1: 71.584999, 1378.125977, 408.125000, 50019
1: 65.915001, 1395.485962, 408.125000, 50118
1: 63.053883, 1404.205444, 408.125000, 50217
1: 60.843906, 1411.700928, 408.125000, 50317
1: 58.683693, 1419.207642, 408.125000, 50417
1: 56.521259, 1426.713623, 408.125000, 50519
1: 54.956608, 1431.963257, 404.125000, 50620
1: 54.159313, 1434.480713, 392.125000, 50722
1: 53.903648, 1435.166138, 372.125000, 50821
1: 53.985859, 1434.602783, 344.125000, 50921
1: 54.366295, 1433.108032, 308.125000, 51021
1: 54.917957, 1430.959961, 280.125000, 51122
1: 38.842426, 1443.776733, 280.125000, 51222
1: 19.024677, 1459.540772, 280.125000, 51322
1: -11.046069, 1472.402832, 280.125000, 51422
1: -39.679577, 1479.934082, 280.125000, 51524
1: -71.125839, 1483.991211, 280.125000, 51615
1: -93.480881, 1502.102661, 280.125000, 51715
1: -109.133720, 1527.652100, 280.125000, 51815
1: -119.600494, 1552.214355, 280.125000, 51915
1: -127.238808, 1581.199585, 280.125000, 52019
1: -131.790543, 1611.578369, 280.125000, 52120
1: -130.476593, 1639.899414, 284.125000, 52222
1: -112.055321, 1664.812988, 284.125000, 52317
1: -80.662712, 1678.314331, 284.125000, 52413
1: -48.057983, 1689.293091, 280.125000, 52516
1: -15.014107, 1693.865967, 280.127838, 52617
1: 17.263517, 1692.664551, 280.127838, 52713
1: 48.398502, 1687.752319, 280.127838, 52821
1: 78.367622, 1680.217163, 280.127838, 52917
1: 106.643936, 1670.519775, 280.127838, 53013
1: 133.630402, 1658.578857, 280.127838, 53119
1: 164.398544, 1652.823120, 280.127838, 53219
1: 193.810242, 1660.432373, 280.127838, 53315
1: 218.945221, 1668.370972, 280.127838, 53415
1: 246.176743, 1675.035034, 276.127838, 53519
1: 272.390198, 1680.541504, 264.127838, 53624
1: 296.131256, 1685.115356, 244.127838, 53715
1: 317.062500, 1688.884277, 224.125000, 53815
1: 332.433258, 1676.736816, 223.125000, 53916
1: 348.259888, 1661.961060, 216.125000, 54016
1: 358.806183, 1635.390991, 216.125000, 54115
1: 362.443268, 1609.055908, 216.125000, 54219
1: 350.193573, 1588.202148, 216.125000, 54322
1: 359.206268, 1588.450562, 216.125000, 54414
1: 385.507080, 1588.882080, 216.125000, 54515
1: 415.487671, 1589.357788, 216.125000, 54617
1: 445.178894, 1588.186890, 216.125000, 54713
1: 473.390900, 1584.448608, 216.125000, 54821
1: 497.861481, 1563.760254, 216.125000, 54917
1: 495.904114, 1538.287354, 216.125000, 55013
1: 487.466461, 1513.342896, 216.125000, 55121
1: 479.791260, 1491.201172, 216.125000, 55217
1: 471.840149, 1468.756226, 216.125000, 55313
1: 463.840424, 1446.730713, 216.125000, 55421
1: 455.749542, 1424.738403, 216.125000, 55517
1: 450.584717, 1397.054199, 220.592056, 55621
1: 457.184723, 1372.360840, 237.992020, 55720
1: 467.671753, 1354.985596, 232.125000, 55819
1: 489.424988, 1339.911133, 232.125000, 55918
1: 516.137390, 1327.551147, 232.125000, 56017
1: 545.683655, 1317.642944, 232.125000, 56116
1: 572.109192, 1309.634644, 243.285980, 56221
1: 596.365295, 1301.104614, 261.185974, 56317
1: 601.918701, 1291.962647, 253.879150, 56425
1: 598.529175, 1280.637573, 245.705963, 56521
1: 580.448059, 1267.361328, 227.624863, 56617
1: 558.169434, 1256.391968, 216.125000, 56720
1: 539.419495, 1236.931885, 216.125000, 56824
1: 522.572388, 1212.062500, 216.125000, 56917
1: 508.584717, 1186.136597, 216.125000, 57013
1: 509.276947, 1154.857910, 216.125000, 57121
1: 512.041992, 1130.573242, 216.125000, 57217
1: 514.426575, 1104.846558, 216.125000, 57313
1: 509.941742, 1073.007690, 216.125000, 57421
1: 508.851624, 1046.577515, 220.125000, 57516
1: 528.075562, 1022.304443, 220.125000, 57620
1: 559.875000, 1009.191895, 220.125000, 57724
1: 591.959961, 998.701538, 216.125000, 57816
1: 623.729248, 994.283264, 216.127838, 57920
1: 653.992065, 995.260620, 216.127838, 58024
1: 682.405762, 999.471436, 216.127838, 58116
1: 709.135803, 1005.839478, 216.127838, 58220
1: 734.809265, 1013.967590, 216.127838, 58324
1: 756.964905, 1022.825317, 216.127838, 58416
1: 782.819885, 1028.888794, 216.127838, 58520
1: 813.652222, 1021.000977, 232.125000, 58624
1: 839.625549, 1015.247681, 232.125000, 58716
1: 871.827271, 1018.734924, 232.125000, 58824
1: 904.140198, 1023.846924, 228.125000, 58920
1: 934.059143, 1028.952393, 216.125000, 59016
1: 964.856262, 1041.437134, 216.130936, 59124
1: 989.697327, 1055.657715, 216.130936, 59216
1: 1010.362305, 1070.716187, 216.130936, 59320
1: 1026.675293, 1084.473877, 216.130936, 59424
1: 1037.464600, 1094.450073, 216.130936, 59516
1: 1034.956421, 1105.334717, 216.130936, 59620
1: 1025.610230, 1113.866821, 216.130936, 59724
1: 1015.999329, 1119.247559, 216.130936, 59816
1: 1003.613403, 1105.744873, 216.130936, 59920
1: 982.144348, 1083.159302, 216.130936, 60024
1: 959.886169, 1062.233276, 216.130936, 60117
1: 940.235718, 1045.026855, 216.130936, 60224
1: 917.471313, 1027.046753, 216.130936, 60317
1: 888.497925, 1012.336548, 216.130936, 60424
1: 859.423096, 1018.383057, 232.125000, 60517
1: 829.527344, 1026.170044, 232.125000, 60613
1: 798.065674, 1029.179565, 232.125000, 60721
1: 766.128845, 1029.535522, 228.125000, 60817
1: 736.016541, 1029.024170, 216.125000, 60913
1: 703.496826, 1021.841126, 216.130920, 61021
1: 674.258118, 1011.290283, 216.130920, 61117
1: 646.833862, 998.538940, 216.130920, 61213
1: 621.120850, 984.780945, 216.130920, 61321
1: 596.898071, 970.475891, 216.130920, 61417
1: 574.470093, 956.158264, 216.130920, 61513
1: 553.685242, 941.634766, 216.130920, 61621
1: 534.999695, 928.127686, 216.130920, 61717
1: 516.312683, 914.408081, 216.130920, 61813
1: 497.316345, 890.831543, 224.125000, 61921
1: 500.381531, 865.232178, 232.125000, 62017
1: 525.524963, 845.849731, 248.125000, 62113
1: 530.618530, 821.894104, 256.125000, 62221
1: 513.637329, 800.481751, 264.125000, 62317
1: 497.161224, 771.888611, 280.125000, 62413
1: 490.925262, 739.811707, 280.125000, 62521
1: 492.797821, 710.333679, 280.125000, 62617
1: 501.276001, 685.944092, 280.125000, 62713
1: 497.202271, 656.631348, 280.125000, 62821
1: 472.469971, 636.645142, 280.125000, 62917
1: 455.001648, 606.811646, 280.125000, 63013
1: 449.433899, 573.700012, 280.125000, 63121
1: 452.608276, 543.340698, 280.125000, 63224
1: 463.369537, 519.011353, 280.125000, 63316
1: 467.281342, 487.162292, 288.125000, 63421
1: 451.965241, 467.811676, 307.211609, 63516
1: 444.722137, 437.952972, 314.454712, 63620
1: 445.709259, 409.769165, 313.467621, 63713
1: 449.721100, 383.558167, 306.967621, 63821
1: 454.851196, 359.836182, 292.467621, 63917
1: 460.323639, 339.212524, 280.125000, 64013
1: 463.949493, 313.852631, 280.125000, 64121
1: 465.660950, 286.367920, 280.125000, 64217
1: 465.942383, 259.852631, 280.125000, 64313
1: 464.425262, 234.336044, 280.125000, 64421
1: 442.668640, 212.907425, 280.125000, 64517
1: 412.535828, 200.027374, 280.125000, 64625
1: 382.991272, 188.292358, 280.125000, 64721
1: 353.874298, 175.585434, 280.125000, 64817
1: 325.040131, 162.282135, 280.125000, 64923
1: 302.933929, 151.850616, 280.125000, 65023
1: 287.722992, 144.531464, 280.125000, 65117
1: 277.393555, 139.455429, 280.125000, 65213
1: 253.585739, 134.101273, 280.125000, 65321
1: 234.172302, 130.602432, 280.125000, 65417
1: 220.721314, 128.568726, 280.125000, 65513
1: 211.540970, 127.463760, 280.125000, 65621
1: 187.713226, 134.391006, 280.125000, 65717
1: 161.194427, 144.218521, 280.125000, 65813
1: 138.192245, 154.058136, 280.125000, 65920
1: 115.609261, 166.555328, 280.125000, 66013
1: 88.349922, 182.334091, 280.125000, 66118
1: 62.902245, 196.966980, 280.125000, 66219
1: 36.005577, 212.364578, 280.125000, 66328
1: 9.634063, 227.411789, 280.125000, 66419
1: -14.404576, 240.955643, 280.125000, 66519
1: -30.695505, 267.363739, 280.125000, 66615
1: -47.345539, 291.787567, 280.125000, 66715
1: -65.415436, 311.927551, 280.125000, 66815
1: -83.515656, 328.783264, 280.125000, 66919
1: -101.408058, 343.254639, 280.125000, 67020
1: -122.022575, 357.826386, 280.125000, 67122
1: -145.659561, 372.399445, 280.125000, 67222
1: -157.342438, 401.869934, 280.125000, 67322
1: -158.840027, 435.088074, 280.125000, 67422
1: -155.613373, 462.314880, 280.125000, 67516
1: -151.576431, 480.789154, 280.125000, 67615
1: -147.437592, 493.133850, 280.125000, 67720
1: -141.900421, 519.714905, 280.125000, 67816
1: -136.796265, 550.814575, 280.125000, 67915
1: -132.579147, 580.765686, 280.125000, 68025
1: -128.995010, 609.524292, 280.125000, 68118
1: -125.908127, 637.961182, 280.125000, 68228
1: -123.534195, 665.334656, 280.125000, 68319
1: -111.221390, 695.877380, 280.125000, 68422
1: -94.964874, 723.564148, 280.125000, 68526
1: -76.554276, 749.581116, 280.125000, 68619
1: -57.038891, 774.360474, 280.125000, 68719
1: -37.083519, 798.257507, 280.125000, 68822
1: -16.937965, 821.483887, 280.125000, 68915
1: 2.745285, 843.603760, 280.125000, 69019
1: 21.071903, 863.724365, 280.125000, 69122
1: 38.583382, 882.540039, 280.125000, 69222
1: 55.217846, 899.933899, 288.125000, 69316
1: 70.381607, 926.413940, 296.125000, 69420
1: 58.198566, 946.304504, 312.125000, 69524
1: 54.309711, 976.345703, 320.125000, 69616
1: 65.924629, 1002.863831, 336.125000, 69716
1: 79.280983, 1018.534851, 344.125000, 69821
1: 58.266281, 1022.822632, 344.125000, 69916
1: 41.217121, 1026.312256, 352.125000, 70021
1: 40.823505, 1047.638916, 360.125000, 70116
1: 53.183567, 1076.697510, 376.125000, 70220
1: 60.078537, 1105.572510, 392.125000, 70324
1: 75.565598, 1129.773315, 408.125000, 70416
1: 86.197945, 1158.234009, 408.125000, 70520
1: 103.410149, 1184.898804, 408.125000, 70624
1: 112.871590, 1207.338623, 408.125000, 70716
1: 113.099319, 1236.846558, 408.125000, 70820
1: 129.246796, 1249.289063, 408.125000, 70924
1: 147.095963, 1266.556641, 416.125000, 71016
1: 160.657532, 1256.678833, 416.125000, 71118
1: 163.023560, 1228.718506, 426.458466, 71216
1: 182.448257, 1216.289673, 438.887421, 71320
1: 212.749634, 1208.382446, 446.794678, 71424
1: 248.308441, 1208.428345, 446.177094, 71516
1: 282.590393, 1209.408203, 438.577118, 71619
1: 314.392639, 1210.671875, 422.977142, 71716
1: 343.407776, 1212.093384, 408.125000, 71828
1: 345.536041, 1204.623291, 408.125000, 71919
1: 324.323303, 1194.456177, 412.125000, 72024
1: 308.750366, 1183.720947, 412.125000, 72115
1: 302.391174, 1172.522461, 412.125000, 72222
1: 311.001556, 1184.161499, 412.125000, 72320
1: 325.036316, 1205.709595, 412.125000, 72422
1: 335.410126, 1224.186890, 408.125000, 72515
1: 348.892212, 1252.306152, 408.127838, 72616
1: 360.538269, 1277.887329, 408.127838, 72728
1: 370.191284, 1300.924683, 408.127838, 72824
1: 384.207520, 1326.913818, 408.127838, 72916
1: 399.554688, 1350.745361, 408.127838, 73020
1: 416.415710, 1372.465576, 408.127838, 73120
1: 441.122772, 1375.830322, 412.125000, 73220
1: 472.493286, 1372.355957, 412.125000, 73313
1: 473.276520, 1369.156372, 412.125000, 73420
1: 450.918152, 1367.656128, 412.125000, 73517
1: 419.891632, 1367.493164, 412.125000, 73613
1: 392.412262, 1368.769653, 411.125000, 73721
1: 365.919830, 1361.385132, 408.127869, 73817
1: 345.857330, 1348.965088, 408.127869, 73913
1: 322.867584, 1333.458984, 408.127869, 74021
1: 300.744659, 1317.814697, 408.127869, 74117
1: 281.790497, 1303.806763, 408.127869, 74213
1: 262.130920, 1288.008545, 408.127869, 74321
1: 247.310425, 1297.385986, 408.127869, 74417
1: 243.626358, 1326.862061, 408.127869, 74513
1: 257.101044, 1348.128296, 419.305054, 74621
1: 254.442261, 1348.669556, 419.846375, 74717
1: 237.459198, 1338.117798, 421.286194, 74813
1: 207.544830, 1335.847534, 431.024323, 74921
1: 175.145554, 1337.082764, 432.259613, 75017
1: 155.860550, 1337.992798, 433.169617, 75113
1: 139.991638, 1341.035400, 429.969605, 75221
1: 126.047791, 1345.181519, 418.769592, 75317
1: 109.110321, 1339.214966, 410.391663, 75413
1: 84.221519, 1331.113159, 408.125000, 75513
1: 53.581203, 1341.896973, 408.125000, 75621
1: 28.905163, 1358.836914, 408.125000, 75713
1: 15.115164, 1369.476929, 408.125000, 75817
1: 8.455852, 1376.772827, 408.125000, 75921
1: 7.509629, 1385.307007, 408.125000, 76025
1: 8.052222, 1391.969360, 404.125000, 76116
1: 8.968901, 1396.325684, 392.125000, 76221
1: 10.164464, 1399.033936, 372.125000, 76313
1: 11.528823, 1400.559448, 344.125000, 76417
1: 13.073333, 1401.033691, 308.125000, 76524
1: 14.797824, 1400.599121, 280.125000, 76617
1: 16.833807, 1420.886841, 280.125000, 76721
1: 18.520014, 1443.783081, 280.125000, 76816
1: 8.681398, 1472.420044, 280.125000, 76917
1: -13.682450, 1497.563965, 280.125000, 77021
1: -32.206444, 1517.920532, 280.125000, 77124
1: -44.439697, 1532.663330, 280.125000, 77217
1: -52.376129, 1543.105591, 280.125000, 77313
1: -74.279785, 1538.863770, 280.125000, 77417
1: -98.388351, 1517.322510, 280.125000, 77520
1: -128.865814, 1510.213867, 280.125000, 77613
1: -160.178818, 1518.966431, 280.125000, 77721
1: -185.919174, 1541.609375, 280.125000, 77817
1: -201.575195, 1571.612427, 280.125000, 77913
1: -211.457245, 1602.220825, 280.125000, 78021
1: -211.642212, 1633.864502, 280.125000, 78113
1: -195.694031, 1640.099365, 280.125000, 78220
1: -180.962341, 1620.762695, 280.125000, 78324
1: -173.346603, 1589.237671, 280.125000, 78416
1: -165.685791, 1561.166870, 280.125000, 78519
1: -155.029709, 1532.085205, 280.125000, 78624
1: -143.587967, 1505.785400, 280.125000, 78716
1: -129.094070, 1478.154175, 280.125000, 78820
1: -114.922882, 1449.991821, 280.125000, 78924
1: -102.011169, 1421.638062, 280.125000, 79016
1: -92.157928, 1391.125977, 280.125000, 79120
1: -84.687111, 1360.172974, 280.125000, 79224
1: -78.619988, 1328.979858, 280.125000, 79316
1: -73.351311, 1297.661987, 280.125000, 79420
1: -68.545662, 1266.276367, 280.125000, 79524
1: -64.070717, 1234.843750, 280.125000, 79616
1: -59.801903, 1203.383423, 280.125000, 79720
1: -55.736034, 1171.896240, 280.125000, 79824
1: -51.993881, 1141.002808, 280.125000, 79916
1: -49.780251, 1112.786255, 280.125000, 80020
1: -46.239716, 1083.824341, 280.125000, 80124
1: -41.955872, 1057.051758, 280.125000, 80216
1: -37.584263, 1033.632080, 280.125000, 80320
1: -31.737907, 1005.891480, 280.125000, 80425
1: -24.920603, 975.140930, 280.125000, 80520
1: -18.404976, 946.646790, 280.125000, 80613
1: -12.655996, 922.500000, 288.125000, 80720
1: 11.610951, 906.098694, 288.125000, 80821
1: 37.061462, 891.138428, 288.125000, 80917
1: 63.662857, 876.692993, 284.125000, 81024
1: 82.901718, 872.259338, 280.125000, 81116
1: 77.376640, 885.151855, 280.125000, 81220
1: 57.461731, 901.035217, 288.125000, 81324
1: 47.799889, 930.536743, 304.125000, 81416
1: 54.722298, 959.844177, 312.125000, 81525
1: 68.062973, 981.405273, 328.125000, 81616
1: 70.747574, 1011.069458, 344.125000, 81720
1: 55.411896, 1039.187378, 352.125000, 81824
1: 43.588440, 1055.939209, 360.125000, 81916
1: 49.745365, 1082.037964, 376.125000, 82020
1: 57.608776, 1107.469116, 392.125000, 82113
1: 80.499382, 1128.917847, 408.125000, 82220
1: 80.432915, 1158.496460, 408.125000, 82324
1: 76.374649, 1190.096436, 408.125000, 82416
1: 83.517944, 1217.786377, 408.125000, 82520
1: 106.634018, 1235.665527, 408.125000, 82624
1: 129.523483, 1230.208374, 408.125000, 82716
1: 157.165604, 1220.116455, 423.060272, 82820
1: 181.045120, 1227.861572, 427.315277, 82924
1: 212.284241, 1231.313110, 424.125000, 83016
1: 224.255692, 1239.142212, 424.125000, 83113
1: 261.375214, 1261.139038, 415.125000, 83216
1: 283.024780, 1265.176636, 408.131927, 83320
1: 303.912231, 1244.295166, 408.131927, 83425
1: 320.718994, 1218.183105, 408.131927, 83520
1: 329.628784, 1192.005493, 412.125000, 83624
1: 346.883759, 1165.111816, 412.125000, 83716
1: 368.217102, 1147.186768, 412.125000, 83820
1: 390.044434, 1133.367188, 408.125000, 83924
1: 409.843567, 1109.719605, 408.127838, 84016
1: 420.623566, 1095.544678, 408.127838, 84120
1: 429.597382, 1088.715942, 407.127838, 84224
1: 437.827484, 1084.247437, 399.127838, 84316
1: 444.719116, 1082.664063, 383.127838, 84420
1: 450.127045, 1083.767334, 359.127838, 84524
1: 453.894318, 1087.513916, 327.127838, 84616
1: 455.688873, 1093.709595, 287.127838, 84720
1: 455.587708, 1101.775635, 239.127838, 84824
1: 452.824249, 1109.499878, 216.129028, 84916
1: 470.394074, 1112.632080, 216.129028, 85020
1: 500.828583, 1113.115845, 216.129028, 85124
1: 526.305054, 1112.683716, 216.129028, 85216
1: 557.771423, 1111.134033, 216.129028, 85320
1: 584.558899, 1109.424683, 216.129028, 85424
1: 608.933472, 1107.592041, 216.129028, 85516
1: 638.545593, 1104.897461, 216.129028, 85619
1: 667.375855, 1101.962769, 216.129028, 85724
1: 694.157043, 1085.115479, 216.129028, 85816
1: 714.400330, 1063.946777, 216.129028, 85920
1: 728.812683, 1043.479736, 216.129028, 86025
1: 739.897827, 1021.934570, 216.129028, 86119
1: 748.775940, 998.722717, 216.129028, 86224
1: 755.503723, 973.371826, 216.129028, 86316
1: 779.741638, 960.404297, 222.772507, 86417
1: 809.580994, 968.204468, 238.972214, 86520
1: 839.906555, 973.947205, 233.229584, 86624
1: 858.778198, 975.471619, 232.125000, 86717
1: 882.208984, 986.188416, 231.125000, 86824
1: 903.907532, 997.105347, 223.125000, 86916
1: 920.470581, 997.217712, 216.132950, 87020
1: 931.470459, 971.112000, 216.132950, 87124
1: 938.448914, 939.695801, 216.132950, 87216
1: 940.510132, 907.487610, 216.132950, 87320
1: 941.002502, 875.731689, 216.132950, 87424
1: 941.000000, 843.980225, 216.132950, 87516
1: 940.737427, 812.232239, 216.132950, 87620
1: 940.305969, 780.486572, 216.132950, 87724
1: 939.756287, 748.743042, 216.132950, 87816
1: 939.206604, 716.999512, 216.132950, 87920
1: 939.206604, 685.252686, 216.132950, 88024
1: 934.083069, 668.111206, 216.132950, 88117
1: 931.808044, 659.395630, 216.132950, 88224
1: 931.976746, 651.394897, 216.132950, 88316
1: 932.295044, 643.400330, 216.132950, 88420
1: 932.619690, 635.406799, 216.132950, 88524
1: 932.954651, 627.413635, 216.132950, 88616
1: 933.298035, 619.420715, 216.132950, 88720
1: 933.641480, 611.427795, 216.132950, 88813
1: 933.990051, 603.434998, 216.132950, 88920
1: 934.408569, 595.445923, 216.132950, 89024
1: 934.531738, 596.944031, 216.132950, 89116
1: 934.550232, 602.443970, 216.132950, 89220
1: 934.556580, 609.943970, 216.132950, 89324
1: 934.563599, 617.943970, 216.132950, 89417
1: 934.572022, 625.943970, 216.132950, 89524
1: 934.569336, 633.943970, 216.132950, 89616
1: 934.572693, 641.943970, 216.132950, 89721
1: 934.588379, 649.943970, 216.132950, 89816
1: 934.594605, 657.944031, 216.132950, 89920
1: 934.611023, 665.944092, 216.132950, 90024
1: 934.627930, 673.944153, 216.132950, 90117
1: 934.648987, 681.944214, 216.132950, 90213
1: 934.668762, 689.944275, 216.132950, 90320
1: 934.682739, 697.944275, 216.132950, 90413
1: 934.697449, 705.944275, 216.132950, 90520
1: 934.716736, 713.944336, 216.132950, 90613
1: 934.725891, 721.944336, 216.132950, 90720
1: 934.743042, 729.944397, 216.132950, 90824
1: 934.757019, 737.944397, 216.132950, 90916
1: 934.772644, 745.944397, 216.132950, 91020
1: 934.784119, 753.944397, 216.132950, 91124
1: 934.803467, 761.944397, 216.132950, 91216
1: 934.822632, 769.944458, 216.132950, 91320
1: 934.837463, 777.944458, 216.132950, 91424
1: 934.849915, 785.944458, 216.132950, 91516
1: 934.863770, 793.944458, 216.132950, 91620
1: 934.873474, 801.944458, 216.132950, 91724
1: 934.880920, 809.944458, 216.132950, 91816
1: 934.889893, 817.944458, 216.132950, 91920
1: 934.902649, 825.944458, 216.132950, 92024
1: 934.913147, 833.944458, 216.132950, 92117
1: 934.930969, 841.944458, 216.132950, 92224
1: 934.940857, 849.944458, 216.132950, 92316
1: 934.946106, 857.944458, 216.132950, 92420
1: 934.956726, 865.944458, 216.132950, 92524
1: 934.969421, 873.944458, 216.132950, 92616
1: 934.982300, 881.944458, 216.132950, 92720
1: 934.991943, 889.944458, 216.132950, 92813
1: 935.004272, 897.944458, 216.132950, 92920
1: 935.012573, 905.944458, 216.132950, 93024
1: 935.021179, 913.944458, 216.132950, 93115
1: 945.864014, 936.675110, 216.132950, 93220
1: 961.198730, 964.503662, 216.132950, 93324
1: 977.142456, 991.966919, 216.132950, 93416
1: 993.335205, 1019.276978, 216.132950, 93520
1: 1009.801331, 1046.425049, 216.132950, 93613
1: 1024.341064, 1070.023560, 216.132950, 93720
1: 1034.441040, 1086.307617, 216.132950, 93824
1: 1041.296875, 1097.238770, 216.132950, 93916
1: 1035.296997, 1108.117798, 216.132950, 94020
1: 1025.618408, 1115.720215, 216.132950, 94122
1: 1015.931702, 1120.287598, 216.132950, 94216
1: 996.388184, 1110.382690, 216.132950, 94320
1: 971.698608, 1090.696777, 216.132950, 94424
1: 951.338562, 1072.265869, 216.132950, 94516
1: 933.711792, 1054.338257, 216.132950, 94620
1: 917.292053, 1035.473999, 216.132950, 94724
1: 903.059021, 1015.854248, 216.132950, 94816
1: 876.424255, 1009.867798, 224.125000, 94919
1: 848.397461, 1019.134766, 232.125000, 95024
1: 818.924255, 1027.050781, 232.125000, 95115
1: 786.681152, 1028.683716, 232.125000, 95216
1: 752.756043, 1027.742065, 228.125000, 95316
1: 720.213928, 1026.085449, 216.125000, 95415
1: 690.948242, 1024.819458, 216.131012, 95514
1: 665.755981, 1024.107544, 216.131012, 95615
1: 642.574829, 1023.755920, 216.131012, 95716
1: 616.873901, 1023.590698, 216.131012, 95815
1: 588.778809, 1023.620483, 216.131012, 95915
1: 558.542053, 1023.793884, 220.125000, 96016
1: 540.377075, 1023.898865, 220.125000, 96116
1: 530.591553, 1023.966858, 220.125000, 96215
1: 519.080017, 1007.919678, 220.125000, 96315
1: 508.275787, 980.403626, 220.125000, 96419
1: 505.774750, 948.682312, 219.125000, 96519
1: 504.675720, 916.158081, 216.127838, 96620
1: 509.448975, 890.125671, 224.125000, 96722
1: 516.164612, 861.290588, 240.125000, 96822
1: 515.794922, 828.657898, 256.125000, 96921
1: 511.309479, 796.970825, 272.125000, 97023
1: 508.886261, 765.575745, 280.125000, 97124
1: 508.318054, 734.290161, 280.125000, 97223
1: 509.113129, 703.515564, 280.125000, 97322
1: 512.014832, 673.785156, 280.125000, 97421
1: 501.706268, 648.644714, 280.125000, 97521
1: 490.228424, 618.741211, 280.125000, 97621
1: 481.424561, 588.101929, 280.125000, 97723
1: 474.542603, 557.032410, 280.125000, 97822
1: 469.563355, 525.594543, 280.125000, 97923
1: 462.998077, 495.619263, 280.125000, 98022
1: 455.394531, 469.922394, 303.782318, 98121
1: 452.790283, 437.536804, 306.386566, 98223
1: 454.061127, 408.195831, 305.115723, 98314
1: 457.344177, 381.376648, 299.015747, 98413
1: 461.170593, 357.542816, 284.915772, 98516
1: 456.695892, 335.141754, 280.125000, 98615
1: 450.988525, 305.571167, 280.125000, 98716
1: 451.086456, 273.535858, 280.125000, 98815
1: 456.298645, 242.055847, 280.125000, 98916
1: 465.767120, 218.295395, 280.125000, 99015
1: 450.632263, 205.637924, 280.125000, 99119
1: 419.788391, 197.011917, 280.125000, 99218
1: 388.553955, 190.808075, 280.125000, 99317
1: 357.153351, 185.932617, 280.125000, 99419
1: 325.914154, 181.854126, 280.125000, 99520
1: 294.874634, 178.257584, 280.125000, 99620
1: 264.311523, 174.957047, 280.125000, 99719
1: 234.491318, 171.820099, 280.125000, 99818
1: 205.794312, 168.848373, 280.125000, 99917
1: 178.348938, 166.021500, 280.125000, 100019
1: 152.276230, 163.394348, 280.125000, 100120
1: 127.581902, 160.910797, 280.125000, 100219
1: 96.641701, 168.661102, 280.125000, 100318
1: 67.142090, 181.554245, 280.125000, 100417
1: 39.569931, 197.179886, 280.125000, 100517
1: 13.763735, 214.563934, 280.125000, 100617
1: -10.450682, 233.466644, 280.125000, 100717
1: -30.169806, 259.779968, 280.125000, 100817
1: -49.121483, 283.666199, 280.125000, 100919
1: -69.213791, 305.381500, 280.125000, 101018
1: -89.552971, 325.199585, 280.125000, 101119
1: -109.247871, 343.093140, 280.125000, 101218
1: -127.002449, 358.238647, 280.125000, 101317
1: -148.100525, 374.265686, 280.125000, 101417
1: -156.540909, 398.935974, 280.125000, 101519
1: -156.561829, 419.970276, 280.125000, 101618
1: -153.092575, 434.353577, 280.125000, 101720
1: -145.663849, 457.113007, 280.125000, 101819
1: -139.986115, 474.609314, 280.125000, 101918
1: -136.090042, 486.607880, 280.125000, 102017
1: -132.449768, 513.843933, 280.125000, 102120
1: -129.618881, 544.092896, 280.125000, 102219
1: -127.474602, 573.757874, 280.125000, 102318
1: -125.909042, 602.446167, 280.125000, 102417
1: -124.815025, 630.146851, 280.125000, 102517
1: -124.251198, 656.606323, 280.125000, 102617
1: -112.922478, 687.246460, 280.125000, 102717
1: -97.296448, 715.331421, 280.125000, 102819
1: -79.403267, 741.712585, 280.125000, 102918
1: -60.356934, 766.857178, 280.125000, 103017
1: -40.719078, 791.178955, 280.125000, 103117
1: -20.750969, 814.889587, 280.125000, 103219
1: -1.350600, 837.257568, 280.125000, 103318
1: 17.090216, 858.120972, 280.125000, 103419
1: 34.636204, 877.586609, 280.125000, 103518
1: 51.260540, 895.676453, 280.125000, 103617
1: 65.887154, 923.544067, 296.125000, 103716
1: 64.688957, 946.094116, 312.125000, 103815
1: 60.878952, 977.031921, 328.125000, 103914
1: 61.521999, 1009.260864, 344.125000, 104013
1: 55.371235, 1036.638428, 352.125000, 104124
1: 44.567703, 1059.731201, 368.125000, 104223
1: 42.632801, 1091.611694, 384.125000, 104322
1: 51.089355, 1123.291626, 400.125000, 104421
1: 70.391174, 1144.866333, 408.125000, 104520
1: 61.203213, 1157.809814, 408.125000, 104619
1: 31.924042, 1163.102173, 408.125000, 104720
1: 7.344639, 1184.454102, 408.125000, 104819
1: -9.367165, 1210.911743, 408.125000, 104920
1: -13.399975, 1244.248535, 408.125000, 105019
1: -9.336824, 1276.642700, 408.125000, 105120
1: -0.659850, 1307.568115, 408.125000, 105219
1: 10.165238, 1336.239380, 408.125000, 105318
1: 21.213299, 1361.192383, 408.125000, 105417
1: 31.952356, 1382.776489, 408.125000, 105516
1: 38.392357, 1395.341553, 408.125000, 105615
1: 41.716583, 1401.775879, 408.125000, 105716
1: 44.858887, 1406.949585, 408.125000, 105815
1: 48.170437, 1412.007568, 408.125000, 105914
1: 51.555843, 1416.998413, 408.125000, 106013
1: 54.975449, 1421.985962, 408.125000, 106124
1: 58.356159, 1427.000366, 407.125000, 106223
1: 60.731541, 1430.504150, 399.125000, 106322
1: 62.111202, 1432.575928, 383.125000, 106422
1: 62.809425, 1433.603394, 359.125000, 106522
1: 62.836212, 1433.680054, 327.125000, 106622
1: 62.292614, 1432.847534, 287.125000, 106722
1: 55.502964, 1436.812622, 280.125000, 106822
1: 31.210007, 1445.715332, 280.125000, 106922
1: 7.116994, 1452.864624, 280.125000, 107022
1: -17.083965, 1459.009277, 280.125000, 107124
1: -47.610832, 1465.701538, 280.125000, 107213
1: -78.332298, 1472.060913, 280.125000, 107315
1: -106.396050, 1477.577881, 280.125000, 107419
1: -131.559692, 1482.172607, 280.125000, 107519
1: -145.743988, 1500.877319, 280.125000, 107620
1: -150.414688, 1528.617554, 280.125000, 107723
1: -150.242783, 1553.003662, 280.125000, 107815
1: -146.382278, 1576.335083, 280.125000, 107917
1: -139.815994, 1598.659424, 280.125000, 108019
1: -130.248123, 1620.208618, 284.125000, 108124
1: -124.403122, 1632.528564, 284.125000, 108223
1: -121.907043, 1641.768799, 284.125000, 108322
1: -105.821411, 1655.737305, 284.125000, 108424
1: -78.793625, 1669.858398, 284.125000, 108515
1: -47.819504, 1683.612183, 280.125000, 108616
1: -15.292923, 1690.274292, 280.127838, 108719
1: 16.872999, 1690.574219, 280.127838, 108819
1: 48.199413, 1686.658081, 280.127838, 108919
1: 78.724007, 1679.705566, 280.127838, 109020
1: 107.182816, 1670.465210, 280.127838, 109121
1: 133.037781, 1659.214722, 280.127838, 109222
1: 165.382248, 1653.968994, 280.127838, 109313
1: 193.835449, 1659.723633, 280.127838, 109415
1: 223.257889, 1668.545898, 279.127838, 109515
1: 250.444977, 1676.740234, 271.127838, 109615
1: 274.723236, 1684.127930, 255.127838, 109714
1: 296.258209, 1690.723755, 232.125000, 109815
1: 314.420990, 1681.147339, 231.125000, 109915
1: 333.277679, 1668.977783, 223.125000, 110015
1: 355.267120, 1653.867798, 216.131073, 110115
1: 387.506653, 1646.794922, 216.131073, 110215
1: 417.913696, 1645.941406, 216.131073, 110315
1: 438.908112, 1646.939453, 216.131073, 110415
1: 453.372803, 1648.907227, 216.131073, 110515
1: 448.524811, 1652.478394, 216.131073, 110614
1: 442.532318, 1654.421753, 216.131073, 110713
1: 423.281189, 1655.343262, 216.131073, 110815
1: 393.431793, 1656.133301, 216.131073, 110915
1: 362.435547, 1656.517212, 216.131073, 111015
1: 332.173737, 1659.959595, 216.131073, 111115
1: 301.685913, 1666.198853, 232.125000, 111215
1: 269.323425, 1668.006958, 248.125000, 111315
1: 237.263657, 1664.897095, 264.125000, 111415
1: 205.783417, 1661.701660, 280.125000, 111515
1: 175.271927, 1660.857056, 280.125000, 111615
1: 145.396912, 1661.248535, 280.125000, 111719
1: 117.809296, 1662.415161, 280.125000, 111819
1: 93.892281, 1664.453247, 280.125000, 111919
1: 63.456772, 1659.069946, 280.125000, 112019
1: 34.775787, 1650.326050, 280.125000, 112118
1: 8.586888, 1640.212402, 280.125000, 112219
1: -14.852377, 1629.863892, 280.125000, 112319
1: -36.048744, 1619.526978, 280.125000, 112419
1: -56.812981, 1608.642334, 280.125000, 112522
1: -78.466393, 1596.486450, 280.125000, 112622
1: -106.023766, 1584.297241, 280.125000, 112722
1: -126.550980, 1558.984619, 280.125000, 112822
1: -137.646622, 1527.758057, 280.125000, 112922
1: -140.072876, 1494.801025, 280.125000, 113022
1: -131.320374, 1464.601563, 280.125000, 113124
1: -118.208992, 1437.052490, 280.125000, 113215
1: -103.250740, 1414.055420, 280.125000, 113315
1: -90.829193, 1384.074707, 280.125000, 113415
1: -82.134377, 1353.303467, 280.125000, 113518
1: -75.564209, 1322.172241, 280.125000, 113619
1: -70.206032, 1290.853760, 280.125000, 113721
1: -65.612000, 1259.431397, 280.125000, 113822
1: -61.444698, 1227.953491, 280.125000, 113922
1: -57.641617, 1196.430786, 280.125000, 114022
1: -54.215210, 1164.992798, 280.125000, 114123
1: -51.287708, 1134.389282, 280.125000, 114215
1: -47.377556, 1104.234131, 280.125000, 114319
1: -42.923409, 1075.969971, 280.125000, 114419
1: -38.461285, 1050.653564, 280.125000, 114519
1: -33.933308, 1026.634399, 280.125000, 114619
1: -28.201750, 997.459351, 280.125000, 114718
1: -22.081335, 966.562927, 280.125000, 114817
1: -16.834978, 940.886658, 280.125000, 114917
1: -3.164149, 914.591431, 288.125000, 115017
1: 19.208527, 906.885986, 288.125000, 115117
1: 49.891251, 906.620728, 288.125000, 115219
1: 78.699257, 911.932251, 288.125000, 115319
1: 74.534851, 916.850708, 296.125000, 115418
1: 54.365028, 928.094055, 296.125000, 115519
1: 49.691731, 954.490723, 312.125000, 115621
1: 64.529778, 979.334595, 328.125000, 115720
1: 74.758492, 1011.304504, 344.125000, 115819
1: 59.971863, 1037.847778, 352.125000, 115919
1: 45.432114, 1051.823975, 360.125000, 116018
1: 42.736126, 1078.438965, 376.125000, 116118
1: 54.650112, 1110.183716, 392.125000, 116218
1: 80.189850, 1130.996460, 408.125000, 116318
1: 80.372993, 1159.933838, 408.125000, 116418
1: 75.894547, 1191.656494, 408.125000, 116519
1: 83.550720, 1219.512207, 408.125000, 116620
1: 107.734749, 1236.650391, 408.125000, 116720
1: 129.569901, 1230.952759, 408.125000, 116819
1: 157.476501, 1219.591064, 423.585724, 116919
1: 181.399094, 1227.422852, 427.754150, 117020
1: 214.422073, 1231.433350, 424.125000, 117119
1: 239.604355, 1248.830689, 423.125000, 117220
1: 264.395325, 1269.097168, 415.125000, 117321
1: 285.592316, 1280.224487, 408.132111, 117420
1: 303.706482, 1264.426880, 408.132111, 117520
1: 318.130646, 1236.973755, 408.132111, 117621
1: 326.631775, 1210.417480, 408.132111, 117720
1: 321.388214, 1179.927490, 412.125000, 117821
1: 336.112823, 1153.355713, 412.125000, 117922
1: 364.323395, 1141.565308, 412.125000, 118022
1: 387.247803, 1152.067627, 411.125000, 118124
1: 407.463593, 1171.162354, 408.127838, 118223
1: 417.231049, 1203.239136, 408.127838, 118322
1: 421.780853, 1235.021484, 408.127838, 118422
1: 419.364655, 1267.366699, 408.127838, 118522
1: 414.548492, 1266.004639, 408.127838, 118622
1: 408.645538, 1281.241333, 408.127838, 118722
1: 403.398865, 1311.117554, 408.127838, 118822
1: 400.388092, 1331.861694, 408.127838, 118922
1: 398.767853, 1346.123413, 408.127838, 119022
1: 397.987640, 1355.739380, 408.127838, 119124
1: 398.647949, 1342.767456, 408.127838, 119215
1: 400.195953, 1314.405396, 408.127838, 119315
1: 401.865601, 1283.836792, 408.127838, 119419
1: 403.323730, 1257.798828, 408.127838, 119519
1: 405.121796, 1226.606445, 408.127838, 119624
1: 406.833283, 1196.418701, 408.127838, 119723
1: 408.571686, 1164.718262, 408.127838, 119824
1: 410.344208, 1133.524292, 408.127838, 119913
1: 411.821472, 1108.370728, 408.127838, 120015
1: 412.661469, 1094.335693, 408.127838, 120115
1: 413.098572, 1086.752686, 408.127838, 120214
1: 413.369476, 1081.880371, 404.127838, 120315
1: 413.537079, 1078.917481, 392.127838, 120417
1: 413.703613, 1076.957153, 372.127838, 120518
1: 413.870941, 1075.582275, 344.127838, 120617
1: 414.040527, 1074.668823, 308.127838, 120719
1: 414.210571, 1074.066895, 264.127838, 120822
1: 414.375183, 1073.650879, 216.125214, 120921
1: 431.693481, 1070.331177, 216.125214, 121023
1: 461.163513, 1064.801025, 216.125214, 121115
1: 490.106781, 1060.367554, 220.125000, 121217
1: 520.649292, 1050.509522, 220.125000, 121319
1: 547.527283, 1038.013184, 220.125000, 121420
1: 569.092102, 1022.986206, 220.125000, 121523
1: 592.170349, 1006.256836, 216.125000, 121615
1: 621.979919, 992.763855, 216.127838, 121717
1: 652.624817, 983.407227, 216.127838, 121819
1: 683.818726, 976.803101, 216.127838, 121919
1: 715.273621, 972.051208, 216.127838, 122019
1: 746.444763, 969.087646, 216.127838, 122118
1: 773.773132, 968.969971, 216.127838, 122219
1: 799.094421, 970.473511, 224.703201, 122320
1: 831.384094, 977.017029, 232.125000, 122420
1: 853.204956, 966.557495, 240.619324, 122522
1: 865.812744, 958.976074, 248.200775, 122623
1: 879.374390, 952.300354, 250.900787, 122722
1: 891.999817, 946.312195, 245.600800, 122822
1: 905.252197, 942.083191, 241.093567, 122924
1: 917.179321, 957.843506, 225.080887, 123023
1: 930.602722, 963.542175, 216.125000, 123124
1: 952.211792, 953.919800, 216.125000, 123223
1: 972.450256, 943.578247, 216.125000, 123313
1: 992.819397, 931.944702, 216.125000, 123413
1: 1013.712402, 918.987732, 216.125000, 123513
1: 1033.957031, 904.986328, 216.125000, 123613
1: 1045.274536, 876.121033, 216.125000, 123713
1: 1049.953980, 844.061401, 216.125000, 123813
1: 1051.138062, 812.150208, 216.125000, 123913
1: 1050.490845, 780.353821, 216.125000, 124013
1: 1048.814819, 748.634338, 216.125000, 124113
1: 1046.697266, 716.952942, 216.125000, 124215
1: 1044.198608, 685.299988, 216.125000, 124314
1: 1041.430908, 653.671753, 216.125000, 124415
1: 1038.570068, 622.179077, 216.125000, 124514
1: 1035.661133, 590.944153, 216.125000, 124613
1: 1032.751709, 560.088806, 216.125000, 124713
1: 1029.886231, 529.735474, 216.125000, 124813
1: 1027.167725, 500.507172, 216.125000, 124913
1: 1024.674683, 472.776276, 216.125000, 125013
1: 1022.766541, 447.010712, 216.125000, 125113
1: 1022.481812, 422.454224, 216.125000, 125213
1: 1022.142639, 393.475891, 216.125000, 125313
1: 1021.441895, 361.733734, 216.125000, 125413
1: 1020.621521, 329.995789, 216.125000, 125515
1: 1019.700317, 298.260620, 216.125000, 125614
1: 1018.689270, 266.528442, 216.125000, 125713
1: 1017.437134, 234.930267, 220.125000, 125813
1: 1016.667114, 216.065262, 220.125000, 125913
1: 1002.796265, 198.651276, 220.125000, 126013
1: 981.011963, 185.236328, 220.125000, 126113
1: 951.857788, 186.258713, 219.125000, 126213
1: 919.978394, 186.608902, 216.127838, 126313
1: 888.104675, 182.826553, 216.127838, 126413
1: 856.912598, 174.614502, 215.127838, 126513
1: 827.996521, 166.561676, 207.127838, 126613
1: 802.065430, 158.985168, 191.127838, 126713
1: 778.980591, 152.045685, 167.127838, 126813
1: 755.176086, 136.934418, 152.142914, 126913
1: 728.388550, 120.996170, 152.142914, 127013
1: 700.479553, 111.500687, 152.142914, 127113
1: 673.637695, 107.384621, 152.142914, 127213
1: 647.627319, 109.639793, 152.142914, 127315
1: 619.124146, 98.013588, 152.142914, 127417
1: 594.774231, 80.145363, 152.142914, 127519
1: 574.872376, 60.618645, 152.142914, 127619
1: 558.602112, 41.099907, 152.142914, 127719
1: 545.444946, 22.622261, 152.142914, 127818
1: 532.693420, 0.950686, 152.142914, 127917
1: 520.743164, -24.886898, 152.142914, 128016
1: 493.270416, -41.394886, 152.142914, 128116
1: 461.739319, -50.114635, 152.142914, 128216
1: 430.025482, -54.567040, 152.142914, 128315
1: 398.276001, -56.766991, 152.142914, 128415
1: 366.522095, -57.766270, 152.142914, 128515
1: 334.769928, -58.144825, 152.142914, 128614
1: 303.019928, -58.192928, 152.142914, 128714
1: 271.271545, -58.054829, 152.142914, 128813
1: 239.524109, -57.857410, 152.142914, 128923
1: 207.776840, -57.616375, 152.142914, 129023
1: 176.030075, -57.330421, 152.142914, 129124
1: 144.535355, -57.033863, 152.142914, 129223
1: 113.166885, -56.709148, 152.142914, 129322
1: 81.924362, -56.393147, 152.142914, 129421
1: 50.934288, -56.023060, 152.142914, 129520
1: 20.448929, -55.601524, 152.142914, 129619
1: -9.279501, -55.106514, 160.125000, 129718
1: -40.185688, -61.146904, 160.125000, 129817
1: -61.043327, -67.266449, 160.125000, 129916
1: -75.004700, -72.985184, 160.125000, 130015
1: -100.057564, -73.238388, 160.125000, 130114
1: -131.177673, -69.081551, 160.125000, 130213
1: -161.782455, -63.117863, 160.125000, 130323
1: -188.706146, -56.969997, 160.125000, 130422
1: -213.867813, -50.569012, 160.125000, 130521
1: -237.210281, -44.205132, 160.125000, 130621
1: -259.246185, -37.858730, 160.125000, 130721
1: -281.804382, -31.058231, 160.125000, 130820
1: -306.833099, -22.987358, 160.125000, 130919
1: -325.734314, -0.075411, 160.125000, 131018
1: -343.004272, 23.915651, 160.125000, 131117
1: -355.557861, 54.073833, 160.125000, 131216
1: -361.726685, 86.071136, 160.125000, 131316
1: -363.954041, 110.264908, 160.125000, 131416
1: -364.153320, 126.939545, 160.125000, 131517
1: -363.226135, 138.446030, 160.125000, 131617
1: -344.847626, 141.967270, 160.125000, 131717
1: -315.984100, 138.211441, 160.125000, 131817
1: -285.473602, 129.389145, 160.125000, 131917
1: -258.628967, 109.408913, 160.125000, 132017
1: -240.037476, 88.413155, 160.125000, 132116
1: -228.804245, 72.268929, 160.125000, 132215
1: -222.463547, 60.086437, 160.125000, 132316
1: -219.333008, 51.073734, 160.125000, 132415
1: -223.121506, 60.911789, 160.125000, 132516
1: -232.857590, 88.423470, 160.125000, 132616
1: -241.492035, 113.031853, 160.125000, 132718
1: -251.219864, 140.994431, 160.125000, 132818
1: -261.001221, 169.471863, 160.125000, 132920
1: -270.079254, 195.926285, 160.125000, 133021
1: -275.714264, 212.411270, 160.125000, 133124
1: -278.444244, 220.496262, 160.125000, 133224
1: -279.234375, 222.853989, 160.125000, 133314
1: -279.234375, 222.853989, 160.125000, 133416
1: -279.234375, 222.853989, 160.125000, 133516
1: -279.234375, 222.853989, 160.125000, 133617
1: -279.234375, 222.853989, 160.125000, 133717
1: -279.234375, 222.853989, 160.125000, 133819
1: -279.234375, 222.853989, 160.125000, 133920
1: -279.234375, 222.853989, 160.125000, 134019
